608 283 54 501 500 418 730 239 571 795 841 202 956 449 977 631 984 100 624
407 951 776 70 343 76 354 570 831 346 603 701 868 572 318 67 712 959 178 450
837 862 847 440 282 424 671 255 277 470 316 383 570 803 487 804 690 229 716 217
598 962 573 995 318 112 226 91 93 197 140 999 167 522 76 473 264 203 702 132
654 302 369 586 902 149 716 228 806 747 630 659 811 604 612 794 874 838 680 555
855 431 864 712 261 994 516 769 374 933 636 144 530 876 619 802 741 866 745
868 871 946 66 479 654 514 305 486 151 331 370 785 548 660 181 145 334 92 863
590 445 92 855 413 763 404 523 656 837 804 780 864 753 623 883 634 603
934 251 658 452 418 636 77 203 665 861 549 225 823 623 679 612 827 568
191 944 311 806 916 786 107 453 569 820 372 250 312 263 608 955 890 488 764 933
587 458 691 281 82 186 154 959 630 726 138 149 205 458 114 799 337 663 332
197 467 416 533 422 369 740 905 789 494 779 484 587 507 505 203 99 88 729 504
328 235 657 312 298 108 689 438 609 286 750 143 45 340 694 911 833 699 443 722
850 123 875 70 952 730 718 288 277 553 121 146 340 578 727 440 537 841 835 175
350 594 215 756 278 503 545 161 787 103 223 338 875 632 428 845 712 339 719
804 787 862 933 692 357 807 308 863 664 786 763 137 494 307 201 351 703 606 360
94 353 525 221 287 932 934 149 486 243 410 414 413 320 188 129 267 990 569
366 238 705 437 931 288 392 74 580 601 993 879 334 264 269 329 294 161 585 948
838 358 468 187 368 667 277 809 885 588 234 948 636 139 539 408 943 733
268 393 511 666 223 567 189 92 117 567 129 751 815 174 102 215 922 653 133
968 923 278 140 419 98 517 860 521 969 947 408 823 368 345 65 820 537 145
373 419 575 229 494 742 195 98 315 959 563 424 455 753 157 459 420 67
864 109 633 679 564 131 208 64 782 203 408 173 741 530 822 776 342 231 480
735 432 519 412 730 241 788 964 164 664 244 699 121 309 66 674 698 269 94
95 501 477 722 821 396 684 375 769 152 88 73 558 400 229 134 915 245
803 108 775 952 379 468 449 864 328 709 955 464 746 855 838 98 526 214 998
107 805 271 619 603 602 101 952 921 558 813 85 786 395 737 835 992 576 653 140
285 552 316 113 232 150 843 685 845 134 658 786 603 510 702 177 448 491 800 579
276 971 395 439 895 342 205 228 68 89 765 880 295 624 992 695 154 857
691 417 726 563 313 135 703 810 217 113 242 683 103 590 600 504 172 871 80 893
325 95 683 138 68 369 62 112 995 572 421 797 705 423 913 679 95 655 311
312 779 376 712 966 272 515 831 721 659 912 260 885 510 531 511 556 641 109
160 210 129 629 208 74 356 174 776 90 639 613 752 753 274 284 766 963 593 969
934 273 895 834 431 530 452 793 712 606 365 176 894 467 458 199 956 376
890 309 329 686 724 251 644 562 568 524 904 795 88 655 438 161 66 605 731
344 889 845 124 770 903 413 842 379 540 783 590 524 597 357 121 553 752
878 200 478 699 520 595 520 556 362 886 763 824 187 352 310 665 776 316 299 978
46 508 88 200 809 85 241 90 920 647 512 221 293 418 461 877 95 108 524
158 769 654 372 135 458 549 923 134 480 485 559 947 992 62 180 74
500 166 335 460 685 971 574 279 687 864 677 448 943 383 969 592 246 519 462
161 516 230 562 389 782 560 594 487 943 348 141 88 717 470 385 225 282 75
748 222 244 677 469 679 135 935 400 306 728 543 732 57 799 966 435 121 116
628 450 261 200 265 105 362 83 714 791 993 453 308 961 658 497 249 857 43 309
216 694 207 144 445 576 164 965 518 210 969 216 482 160 615 99 244 630 958
639 378 70 76 833 708 966 459 265 360 152 908 277 682 111 228 68 205 319
402 446 717 88 449 622 807 426 899 793 607 948 601 590 623 485 263
528 286 912 439 579 985 411 886 54 780 185 877 426 501 541 263 679 360 450
359 487 717 133 642 119 59 627 790 800 954 895 865 331 213 653 839 340 399 425
594 654 717 735 757 873 451 603 809 667 860 437 573 763 304 781 699 973 977 308
247 557 46 352 840 734 394 620 619 633 489 339 712 581 267 505 229 148 506
242 576 719 184 259 999 808 687 816 341 122 920 636 149 997 936 697 130 378
719 560 811 548 222 174 758 350 204 119 152 774 346 939 983 144 376 607 63
871 392 995 153 170 696 847 543 864 207 114 582 105 982 323 465 564 650 133 477
481 791 482 787 724 107 316 646 517 79 597 310 211 62 551 664 956 353 113 579
878 869 202 765 205 232 516 759 118 871 961 826 375 763 610 388 266 574 878
795 515 730 474 875 364 794 46 432 321 977 716 315 622 478 133 72 877 63
893 935 614 174 596 231 808 693 172 452 744 69 576 122 500 647 56
765 182 146 841 165 328 269 976 102 422 89 471 634 480 422 852 200
803 711 712 540 921 80 793 475 990 132 216 71 635 176 853 758 246
484 925 110 634 865 671 805 286 471 580 130 87 82 550 366 369 550 651 472 588
869 566 924 548 475 393 936 713 486 707 520 215 188 121 955 383 744 950 537 636
137 425 447 839 45 932 785 858 255 775 62 404 930 147 280 768 373 943
172 835 122 760 179 836 189 917 512 146 782 523 201 676 982 423 729 377
130 123 925 383 676 993 767 800 525 909 386 354 808 691 587 845 308 77 875
802 939 674 665 479 761 86 885 631 778 337 416 762 786 878 127 820 426 763 658
139 731 557 113 641 68 276 789 805 764 260 482 90 269 875 415 878 131 521
722 769 155 346 619 145 328 130 720 64 200 607 47 999 400 823 129 347 604 321
206 966 165 993 418 378 147 554 840 957 140 882 83 481 510 708 195 656 488 234
533 849 917 753 423 459 352 731 258 408 267 932 770 822 165 720 678 778 987 879
840 936 801 598 59 231 51 152 233 765 969 626 463 296 164 982 783 151 647
204 687 850 99 179 903 245 923 140 416 46 496 435 876 58 839 426
798 433 85 297 584 827 315 627 999 251 202 389 632 382 737 904 93 132 712
864 723 387 790 894 817 152 919 324 410 250 46 377 152 994 535 307 897
180 581 645 570 923 262 891 439 507 771 666 145 571 102 163 629 928 764
340 285 796 932 122 377 985 632 869 785 570 948 798 669 534 968 871 619 826 733
166 673 623 103 423 528 270 589 789 298 833 732 850 578 506 838 982 49
669 659 496 306 867 193 86 468 669 86 712 164 682 640 961 882 600 410 531
830 912 416 235 250 128 603 707 745 204 581 859 105 629 509 277 432 747
275 140 482 633 381 690 428 63 127 301 927 443 834 341 257 494 910 63 208 172
135 173 770 815 936 802 558 139 539 691 824 466 593 336 877 278 46 310
573 633 100 634 114 377 110 967 178 777 387 915 274 192 289 459 273 629 484 572
459 486 971 523 617 928 140 644 869 376 453 75 526 896 491 423 902 65 47 430
821 537 624 952 902 925 128 954 745 284 383 783 434 119 388 277 500 875 655 729
758 453 985 775 82 934 221 171 842 749 514 427 957 975 860 565 961 135 865 902
779 819 748 901 905 603 47 505 434 778 355 342 843 780 216 282 537 331
191 345 604 110 481 295 927 582 686 497 608 338 605 539 346 43 325
615 658 810 974 902 490 933 316 755 780 916 201 162 949 659 596 234 308 579 868
961 175 444 867 941 156 566 137 868 141 777 543 802 302 568 704 638 195 859 726
489 643 895 386 344 597 723 148 60 71 918 568 796 964 619 620 510 384 586 524
849 192 523 299 449 226 461 146 99 234 192 791 509 701 782 504 987 308
275 228 869 194 404 651 937 681 850 133 408 471 158 597 181 244 887 416 528
259 635 660 118 316 149 804 578 245 394 793 959 863 406 758 794 587 552 481 130
791 485 379 285 742 376 811 811 620 953 186 482 709 174 274 974 62 667 844 784
124 835 778 891 401 232 244 847 596 545 674 367 990 253 418 331 804 903 954 599
926 323 594 253 219 882 93 939 163 509 857 965 67 489 129 99 757 409
50 361 802 501 126 866 357 128 276 460 826 57 873 318 340 786 307 296 924
809 508 285 933 803 347 342 281 340 350 524 387 534 557 969 897 879 394 82
147 815 542 919 631 157 661 220 672 358 247 959 526 686 63 917 479 98 247 829
201 767 165 391 741 615 645 866 691 556 113 472 979 899 348 703 157 487 965
271 582 243 639 368 83 287 739 861 172 625 624 387 954 824 676 781 921 86 722
